100 0.9625 0.0190392
600 0.9625 0.0190392
1100 0.960227 0.0166329
1600 0.960156 0.0165577
2100 0.932738 0.012471
2600 0.947596 0.00325983
3100 0.956048 0.0122086
3600 0.948958 0.00470203
4100 0.953049 0.00903276
4600 0.939946 0.00484007
5100 0.93701 0.00794838
5600 0.958036 0.0143126
6100 0.942213 0.00243942
6600 0.951326 0.00720852
7100 0.936444 0.00854778
7600 0.945888 0.00145151
8100 0.93534 0.00971679
8600 0.940843 0.00388999
9100 0.946429 0.00202366
9600 0.945182 0.000704175
10100 0.939356 0.0054639
10600 0.947995 0.00368241
11100 0.935811 0.0092178
11600 0.942349 0.0022954
12100 0.93626 0.00874188
12600 0.94256 0.00207266
13100 0.945134 0.000652611
13600 0.94136 0.00334233
14100 0.941578 0.00311182
14600 0.944007 0.000540315
15100 0.947351 0.00300027
15600 0.939423 0.00539335
16100 0.94472 0.000215254
16600 0.945331 0.000861964
17100 0.945541 0.00108389
17600 0.945384 0.000917227
18100 0.946754 0.00236836
18600 0.938777 0.0060775
19100 0.941558 0.00313345
19600 0.93801 0.00688921
20100 0.946766 0.00238109
20600 0.944175 0.000362544
21100 0.940403 0.00435603
21600 0.942882 0.0017313
22100 0.938009 0.00689044
22600 0.947732 0.00340398
23100 0.94816 0.00385698
23600 0.942108 0.00255065
24100 0.945851 0.00141177
24600 0.949441 0.00521311
25100 0.940837 0.00389673
25600 0.946191 0.00177257
26100 0.94363 0.000939017
26600 0.940508 0.0042452
27100 0.945065 0.000579545
27600 0.943524 0.001052
28100 0.942438 0.00220162
28600 0.946329 0.0019179
29100 0.945919 0.00148442
29600 0.942863 0.00175117
30100 0.943605 0.000966139
30600 0.944118 0.000423009
31100 0.940997 0.0037272
31600 0.944937 0.000444167
32100 0.948598 0.00432067
32600 0.939494 0.0053184
33100 0.948112 0.00380575
33600 0.942783 0.00183633
34100 0.941569 0.00312146
34600 0.944147 0.000391509
35100 0.944694 0.000186917
35600 0.941678 0.00300557
36100 0.943144 0.0014538
36600 0.942657 0.00196935
37100 0.946125 0.00170262
37600 0.942154 0.00250173
38100 0.943373 0.00121171
38600 0.944462 5.79668e-05
39100 0.943798 0.000761481
39600 0.946181 0.00176108
40100 0.941833 0.00284195
40600 0.942703 0.00192054
41100 0.944951 0.000459655
41600 0.942999 0.00160758
42100 0.946051 0.00162399
42600 0.943075 0.00152678
43100 0.942894 0.00171808
43600 0.945958 0.00152499
44100 0.944218 0.000317092
44600 0.946104 0.0016803
45100 0.949723 0.00551144
45600 0.946217 0.00179978
46100 0.940184 0.00458732
46600 0.94552 0.00106213
47100 0.950743 0.00659164
47600 0.938734 0.00612264
48100 0.942074 0.00258691
48600 0.944239 0.000294863
49100 0.946487 0.00208527
49600 0.942314 0.00233313
50100 0.945908 0.00147271
50600 0.944145 0.000393777
51100 0.945034 0.000547434
51600 0.946076 0.00164994
52100 0.94249 0.00214584
52600 0.944011 0.00053549
53100 0.943597 0.000974253
53600 0.949464 0.005237
54100 0.945772 0.00132823
54600 0.941232 0.0034785
55100 0.941924 0.00274575
55600 0.941704 0.00297829
56100 0.943316 0.00127227
56600 0.946356 0.00194684
57100 0.944111 0.000429825
57600 0.945009 0.000520366
58100 0.94546 0.000998634
58600 0.944731 0.000226616
59100 0.947145 0.00278183
59600 0.94461 9.81596e-05
60100 0.945549 0.00109251
60600 0.941852 0.00282142
61100 0.946686 0.00229596
61600 0.941843 0.00283177
62100 0.944807 0.000306588
62600 0.948922 0.00466327
63100 0.944948 0.000456644
63600 0.942531 0.00210239
64100 0.944813 0.000312971
64600 0.94257 0.00206193
65100 0.945718 0.00127149
65600 0.945236 0.000761336
66100 0.944308 0.000221615
66600 0.946002 0.0015723
67100 0.946535 0.00213637
67600 0.94534 0.000871398
68100 0.944402 0.000122359
68600 0.944278 0.000252785
69100 0.945857 0.001419
69600 0.944379 0.000146735
70100 0.944989 0.000499848
70600 0.947149 0.00278687
71100 0.942809 0.00180808
71600 0.942912 0.00169947
72100 0.9444 0.000123923
72600 0.944611 9.91995e-05
73100 0.943057 0.00154548
73600 0.943274 0.00131573
74100 0.945091 0.00060762
74600 0.94556 0.0011037
75100 0.94727 0.00291484
75600 0.943767 0.000794746
76100 0.944694 0.00018771
76600 0.945512 0.00105368
77100 0.944407 0.000117066
77600 0.942751 0.00186963
78100 0.943662 0.000905451
78600 0.944736 0.000231673
79100 0.945354 0.000885951
79600 0.944865 0.000368192
80100 0.941261 0.00344754
80600 0.943641 0.00092719
81100 0.942355 0.00228907
81600 0.9447 0.000193293
82100 0.945706 0.00125913
82600 0.94549 0.00103029
83100 0.948315 0.0040212
83600 0.946815 0.00243299
84100 0.946611 0.002217
84600 0.944474 4.57277e-05
85100 0.946049 0.00162155
85600 0.948569 0.00428975
86100 0.942552 0.00208034
86600 0.947979 0.0036654
87100 0.945365 0.000897112
87600 0.944135 0.000404346
88100 0.947375 0.00302584
88600 0.942819 0.0017981
89100 0.944655 0.000145785
89600 0.948605 0.00432785
90100 0.944797 0.000296724
90600 0.941391 0.00331011
91100 0.94576 0.00131598
91600 0.943109 0.0014913
92100 0.947014 0.0026436
92600 0.947071 0.00270355
93100 0.940883 0.00384718
93600 0.944164 0.000373937
94100 0.945125 0.000643378
94600 0.94523 0.000754597
95100 0.944098 0.000443473
95600 0.945502 0.00104276
96100 0.945708 0.00126034
96600 0.946454 0.00205106
97100 0.946704 0.00231573
97600 0.944301 0.000229184
98100 0.945133 0.000651478
98600 0.946755 0.00236881
99100 0.944816 0.0003162
99600 0.944741 0.000237455
