100 0.972214 0.0293234
600 0.68055 0.279474
1100 0.98989 0.0480383
1600 1.03905 0.100089
2100 1.00462 0.0636341
2600 1.00213 0.0609948
3100 0.896945 0.0503662
3600 0.904699 0.0421574
4100 0.92716 0.018377
4600 0.910922 0.0355688
5100 0.88643 0.0614993
5600 0.972214 0.0293234
6100 0.954682 0.0107618
6600 0.972214 0.0293234
7100 0.996861 0.0554189
7600 0.899298 0.0478759
8100 0.938606 0.0062582
8600 0.946213 0.00179494
9100 0.949778 0.00556974
9600 0.968163 0.0250345
10100 0.965475 0.0221894
10600 0.96029 0.0166996
11100 0.954696 0.010777
11600 0.893431 0.0540873
12100 0.93686 0.00810659
12600 0.964498 0.0211541
13100 0.945496 0.0010366
13600 0.929322 0.016088
14100 0.947391 0.00304276
14600 0.90296 0.0439983
15100 0.93487 0.0102136
15600 0.946039 0.0016108
16100 0.948663 0.00438943
16600 0.923603 0.0221428
17100 0.925593 0.020036
17600 0.931336 0.013955
18100 0.958248 0.0145375
18600 0.957578 0.0138282
19100 0.950326 0.0061501
19600 0.924099 0.0216177
20100 0.942225 0.00242692
20600 0.950976 0.00683813
21100 0.947793 0.00346831
21600 0.951509 0.00740258
22100 0.936141 0.00886874
22600 0.938229 0.00665742
23100 0.93644 0.00855218
23600 0.966034 0.022781
24100 0.951236 0.00711389
24600 0.923603 0.0221428
25100 0.929994 0.0153763
25600 0.913349 0.032999
26100 0.946511 0.00211136
26600 0.894363 0.0530999
27100 0.922347 0.0234722
27600 0.95918 0.0155245
28100 0.979825 0.0373821
28600 0.93788 0.00702688
29100 0.91809 0.0279792
29600 0.938383 0.00649432
30100 0.976736 0.0341109
30600 0.94902 0.0047676
31100 0.951269 0.00714822
31600 0.928833 0.0166053
32100 0.976757 0.0341333
32600 0.907201 0.0395087
33100 0.944016 0.000530135
33600 0.95138 0.00726642
34100 0.914337 0.0319531
34600 0.942429 0.00221083
35100 0.9459 0.00146417
35600 0.943812 0.000746769
36100 0.941243 0.00346673
36600 0.948307 0.00401212
37100 0.927665 0.0178424
37600 0.970145 0.0271333
38100 0.976041 0.0333758
38600 0.933678 0.0114763
39100 0.943619 0.000950865
39600 0.954291 0.0103485
40100 0.947726 0.00339775
40600 0.939886 0.00490292
41100 0.941226 0.00348476
41600 0.932951 0.0122455
42100 0.927875 0.0176197
42600 0.931819 0.0134443
43100 0.953717 0.00973994
43600 0.941665 0.00302007
44100 0.934295 0.0108226
44600 0.93363 0.0115265
45100 0.918537 0.0275063
45600 0.954091 0.0101364
46100 0.954499 0.0105678
46600 0.938833 0.00601822
47100 0.96437 0.0210188
47600 0.923603 0.0221428
48100 0.948161 0.00385776
48600 0.935205 0.00985871
49100 0.93776 0.00715369
49600 0.943988 0.00056023
50100 0.954943 0.011038
50600 0.955498 0.0116255
51100 0.945768 0.00132415
51600 0.940937 0.00379054
52100 0.969041 0.0259647
52600 0.919352 0.0266437
53100 0.940539 0.00421204
53600 0.919612 0.0263677
54100 0.944359 0.000167428
54600 0.939094 0.00574151
55100 0.97786 0.0353013
55600 0.94004 0.00474059
56100 0.939806 0.00498743
56600 0.927897 0.0175963
57100 0.955528 0.0116572
57600 0.941494 0.00320041
58100 0.938579 0.00628663
58600 0.939862 0.00492888
59100 0.970569 0.0275817
59600 0.934695 0.0103989
60100 0.941316 0.00338892
60600 0.938844 0.00600656
61100 0.942299 0.00234814
61600 0.969373 0.0263156
62100 0.945286 0.000813913
62600 0.949694 0.0054812
63100 0.917363 0.0287494
63600 0.939501 0.00531111
64100 0.951435 0.00732377
64600 0.945124 0.000642515
65100 0.946975 0.00260205
65600 0.944648 0.000138269
66100 0.930148 0.0152132
66600 0.956448 0.0126316
67100 0.939468 0.00534536
67600 0.951072 0.00694014
68100 0.944518 4.83796e-07
68600 0.933098 0.0120897
69100 0.942105 0.00255439
69600 0.948746 0.00447762
70100 0.9313 0.0139934
70600 0.947426 0.00307998
71100 0.934063 0.0110678
71600 0.936502 0.00848559
72100 0.943357 0.00122799
72600 0.942083 0.00257717
73100 0.950934 0.0067937
73600 0.935227 0.00983569
74100 0.948859 0.00459737
74600 0.925949 0.0196592
75100 0.935319 0.00973885
75600 0.924246 0.021462
76100 0.93261 0.012607
76600 0.930584 0.0147521
77100 0.946742 0.00235535
77600 0.9335 0.0116639
78100 0.949558 0.00533656
78600 0.940796 0.00393977
79100 0.937307 0.00763339
79600 0.966473 0.0232457
80100 0.951458 0.00734903
80600 0.949054 0.00480349
81100 0.958787 0.0151083
81600 0.960299 0.0167091
82100 0.942727 0.00189486
82600 0.949144 0.00489873
83100 0.947879 0.0035593
83600 0.959538 0.0159027
84100 0.95811 0.0143914
84600 0.936474 0.00851584
85100 0.930972 0.0143412
85600 0.945523 0.00106506
86100 0.953018 0.00899989
86600 0.942688 0.0019367
87100 0.936383 0.00861153
87600 0.934257 0.0108626
88100 0.931272 0.0140227
88600 0.944671 0.000163063
89100 0.945371 0.000904323
89600 0.940638 0.00410668
90100 0.936713 0.00826237
90600 0.94603 0.00160206
91100 0.934862 0.0102226
91600 0.971046 0.0280873
92100 0.958702 0.0150179
92600 0.946491 0.00208963
93100 0.960936 0.0173828
93600 0.940326 0.00443757
94100 0.943491 0.00108599
94600 0.945904 0.00146851
95100 0.933775 0.0113733
95600 0.936112 0.00889943
96100 0.933264 0.0119138
96600 0.934674 0.0104217
97100 0.943378 0.00120653
97600 0.940437 0.00431949
98100 0.940104 0.00467265
98600 0.938393 0.00648374
99100 0.93719 0.00775722
99600 0.937757 0.00715769
